raceline = [
	[-0.53968111, -4.27451962],
	[-0.23998267, -4.27000503],
	[0.0603293, -4.2671055],
	[0.36106484, -4.26534019],
	[0.66207427, -4.26431935],
	[0.96321835, -4.26366919],
	[1.2644688, -4.26331589],
	[1.56581753, -4.26324189],
	[1.86719245, -4.26324701],
	[2.16856742, -4.26324904],
	[2.46990853, -4.26317342],
	[2.77109693, -4.26279188],
	[3.07212509, -4.26207481],
	[3.37294007, -4.26089387],
	[3.67335466, -4.25881414],
	[3.97322718, -4.25548932],
	[4.27238839, -4.25051324],
	[4.57064638, -4.24344121],
	[4.86777658, -4.23377628],
	[5.16361359, -4.22118449],
	[5.45793267, -4.20522484],
	[5.75053167, -4.18553767],
	[6.04120277, -4.16178274],
	[6.32969666, -4.13356731],
	[6.61570169, -4.10041307],
	[6.89881871, -4.06172305],
	[7.17843269, -4.01657626],
	[7.45372119, -3.96381428],
	[7.72370315, -3.90219139],
	[7.98708678, -3.83019372],
	[8.24249319, -3.74645397],
	[8.487469, -3.64849021],
	[8.71897134, -3.53377543],
	[8.93208527, -3.39873804],
	[9.12125689, -3.24091449],
	[9.27801435, -3.05777627],
	[9.38955844, -2.84915383],
	[9.4566462, -2.62545501],
	[9.48584199, -2.39511061],
	[9.48197197, -2.16283591],
	[9.44907393, -1.93157566],
	[9.39095998, -1.70310597],
	[9.30843154, -1.47898494],
	[9.19475268, -1.26315227],
	[9.05629021, -1.05615629],
	[8.89763009, -0.85766475],
	[8.72295486, -0.66670026],
	[8.53624844, -0.48180495],
	[8.34157136, -0.30110137],
	[8.14284847, -0.12257072],
	[7.93865496, 0.06153023],
	[7.73537798, 0.24706391],
	[7.53387545, 0.43515795],
	[7.3352445, 0.62693707],
	[7.1410617, 0.82366325],
	[6.9531787, 1.02654578],
	[6.7741966, 1.23738977],
	[6.60539364, 1.45672957],
	[6.44502068, 1.68264477],
	[6.29198506, 1.91385406],
	[6.14542729, 2.14920883],
	[6.00482745, 2.38769553],
	[5.86940303, 2.62820908],
	[5.73855301, 2.86992272],
	[5.61169202, 3.11222085],
	[5.48831214, 3.35468524],
	[5.3674796, 3.5970801],
	[5.24822137, 3.83935652],
	[5.14355255, 4.05132189],
	[5.03515323, 4.25824116],
	[4.91981008, 4.45573902],
	[4.79436287, 4.63935879],
	[4.65617695, 4.80484443],
	[4.50286734, 4.94686825],
	[4.33337301, 5.05897048],
	[4.14863979, 5.13237436],
	[3.95295986, 5.15517905],
	[3.7570974, 5.10977735],
	[3.56925774, 5.01802313],
	[3.39279991, 4.88600919],
	[3.23008723, 4.71829647],
	[3.0829495, 4.51887791],
	[2.95219563, 4.29237909],
	[2.83708998, 4.04421931],
	[2.73563445, 3.77973955],
	[2.64435817, 3.50435481],
	[2.55839892, 3.22362627],
	[2.46862647, 2.94227399],
	[2.37534228, 2.66358554],
	[2.27796212, 2.38811978],
	[2.1757164, 2.11661809],
	[2.06780529, 1.84990326],
	[1.95338339, 1.58890849],
	[1.83140424, 1.33484131],
	[1.70074542, 1.08910668],
	[1.56005411, 0.85349671],
	[1.40781406, 0.6302028],
	[1.24222822, 0.42206809],
	[1.0605157, 0.23376388],
	[0.86005292, 0.07120284],
	[0.638843, -0.05655514],
	[0.40530605, -0.15666118],
	[0.16348197, -0.23124755],
	[-0.08357173, -0.2813173],
	[-0.33319445, -0.3076715],
	[-0.5830074, -0.31111833],
	[-0.83075071, -0.29205891],
	[-1.07398126, -0.25024364],
	[-1.31016778, -0.18570684],
	[-1.53563346, -0.09642324],
	[-1.74607813, 0.01905215],
	[-1.93597079, 0.16270326],
	[-2.09790736, 0.33714543],
	[-2.21825449, 0.54773904],
	[-2.30947441, 0.77943431],
	[-2.37574903, 1.02766327],
	[-2.42191276, 1.28860102],
	[-2.45316129, 1.55888767],
	[-2.47655, 1.83415178],
	[-2.49934025, 2.12077237],
	[-2.52546191, 2.40755859],
	[-2.556276, 2.693968],
	[-2.59275638, 2.97914291],
	[-2.6354345, 3.26222948],
	[-2.68467002, 3.54252401],
	[-2.74070486, 3.81949162],
	[-2.80366533, 4.09274376],
	[-2.87356107, 4.36200979],
	[-2.95033609, 4.62708533],
	[-3.03407864, 4.8876864],
	[-3.12541095, 5.14314812],
	[-3.22509829, 5.39261749],
	[-3.33420159, 5.63489018],
	[-3.45356042, 5.86876397],
	[-3.5849276, 6.09199436],
	[-3.73052834, 6.3012925],
	[-3.89260508, 6.49226365],
	[-4.0732551, 6.65871925],
	[-4.27159131, 6.79629077],
	[-4.48716877, 6.89624429],
	[-4.71526289, 6.95488069],
	[-4.95004296, 6.96331183],
	[-5.18297804, 6.92669628],
	[-5.40972922, 6.8541958],
	[-5.62828537, 6.75149696],
	[-5.83742765, 6.62253214],
	[-6.03660954, 6.47081016],
	[-6.22542867, 6.29883342],
	[-6.40366475, 6.10871155],
	[-6.57128916, 5.90236896],
	[-6.72842516, 5.68156532],
	[-6.87539501, 5.44800403],
	[-7.0127261, 5.20335416],
	[-7.1411421, 4.94924567],
	[-7.2615051, 4.68721817],
	[-7.37468282, 4.41861411],
	[-7.48170857, 4.14474719],
	[-7.58363257, 3.86678214],
	[-7.68140754, 3.58566959],
	[-7.77588736, 3.30218021],
	[-7.86782618, 3.01693549],
	[-7.95787327, 2.73042937],
	[-8.04654375, 2.44303026],
	[-8.13432062, 2.1550624],
	[-8.22166735, 1.86682361],
	[-8.30875707, 1.57842398],
	[-8.39560246, 1.289832],
	[-8.4824605, 1.00124499],
	[-8.56931925, 0.71265796],
	[-8.65593278, 0.42408022],
	[-8.74194559, 0.13551214],
	[-8.82678742, -0.15307432],
	[-8.90988373, -0.44167872],
	[-8.99067142, -0.73027166],
	[-9.06855906, -1.01879953],
	[-9.14291865, -1.30718353],
	[-9.21308573, -1.59531687],
	[-9.27837252, -1.88306296],
	[-9.33809195, -2.17025579],
	[-9.39157615, -2.45670265],
	[-9.43820837, -2.74219105],
	[-9.47747883, -3.02650215],
	[-9.50905204, -3.30942948],
	[-9.53278434, -3.59079023],
	[-9.54877867, -3.87044895],
	[-9.55649051, -4.14811011],
	[-9.55530993, -4.42341856],
	[-9.54409252, -4.69580608],
	[-9.52121906, -4.96443626],
	[-9.48536946, -5.22841683],
	[-9.43337967, -5.48588103],
	[-9.36212759, -5.73438909],
	[-9.26841052, -5.97064509],
	[-9.14837614, -6.18957758],
	[-8.99839236, -6.38341671],
	[-8.81771843, -6.54026121],
	[-8.62202842, -6.67142484],
	[-8.4148356, -6.77833154],
	[-8.19868327, -6.86204757],
	[-7.97540095, -6.92268566],
	[-7.74628302, -6.95825902],
	[-7.51280255, -6.96432306],
	[-7.27761646, -6.93492255],
	[-7.04611163, -6.86063795],
	[-6.82062858, -6.75572308],
	[-6.60160957, -6.62621829],
	[-6.38860271, -6.4773602],
	[-6.18059699, -6.31390023],
	[-5.9760188, -6.14092402],
	[-5.77319875, -5.96317198],
	[-5.56191501, -5.7826325],
	[-5.34813762, -5.60635081],
	[-5.1309674, -5.43590498],
	[-4.90945894, -5.27298781],
	[-4.68260503, -5.11945322],
	[-4.449186, -4.97762071],
	[-4.20773971, -4.85040779],
	[-3.95602582, -4.74253305],
	[-3.69581584, -4.65127871],
	[-3.42851606, -4.57432722],
	[-3.15531669, -4.50959531],
	[-2.87707885, -4.45555224],
	[-2.59458829, -4.41073506],
	[-2.30838877, -4.37413799],
	[-2.0189833, -4.34480021],
	[-1.72685124, -4.32177069],
	[-1.43245762, -4.30408843],
	[-1.13623291, -4.29083157],
	[-0.83852756, -4.28123374]]
speeds = [
	4.0,
	4.0,
	4.0,
	4.0,
	4.0,
	4.0,
	4.0,
	4.0,
	4.0,
	4.0,
	4.0,
	4.0,
	4.0,
	4.0,
	4.0,
	4.0,
	4.0,
	4.0,
	4.0,
	4.0,
	4.0,
	4.0,
	3.8186233752379684,
	3.492241607619194,
	3.069957454051135,
	2.7162450359845938,
	2.3426644393391793,
	2.0739759998280927,
	1.8101118883902658,
	1.575356326690669,
	1.575356326690669,
	1.575356326690669,
	1.575356326690669,
	1.575356326690669,
	1.575356326690669,
	1.6290137431182738,
	1.781418288477166,
	1.9141855212533028,
	2.0295194983571196,
	2.0295194983571196,
	2.0295194983571196,
	2.0295194983571196,
	2.3011882256892306,
	2.5843670466461997,
	2.944951833366601,
	3.4467928897610776,
	4.0,
	4.0,
	4.0,
	3.7959147610683894,
	3.604385403362957,
	3.604385403362957,
	3.604385403362957,
	3.604385403362957,
	3.604385403362957,
	3.604385403362957,
	4.0,
	4.0,
	4.0,
	4.0,
	4.0,
	4.0,
	4.0,
	3.3617127559730795,
	2.6781871663909422,
	2.2614093373254502,
	1.9335173615359915,
	1.6883422265499919,
	1.4825498031729252,
	1.3049999975881992,
	1.1441142507748376,
	1.1441142507748376,
	1.1441142507748376,
	1.1441142507748376,
	1.1441142507748376,
	1.1441142507748376,
	1.4284320925389735,
	1.604540223451727,
	1.7977032443862293,
	2.006865866975819,
	2.261296639150198,
	2.59754330652176,
	3.0352704245273765,
	3.735260145045784,
	4.0,
	4.0,
	4.0,
	3.916546615679798,
	3.540157247151037,
	3.1935704943136294,
	2.86260284167886,
	2.4929511949688803,
	2.191395028104119,
	1.9154675746419207,
	1.9154675746419207,
	1.9154675746419207,
	1.9154675746419207,
	1.9154675746419207,
	1.9154675746419207,
	2.1974379834856985,
	2.322925845595143,
	2.3937659739656443,
	2.229897152161817,
	2.086223147198303,
	1.9217845223572199,
	1.7510395140547081,
	1.5379917047524763,
	1.5379917047524763,
	1.5379917047524763,
	1.5379917047524763,
	1.5379917047524763,
	1.5379917047524763,
	1.9598053156044295,
	2.2334322134379767,
	2.6163482519442534,
	3.173558930849078,
	4.0,
	4.0,
	4.0,
	4.0,
	4.0,
	4.0,
	4.0,
	4.0,
	4.0,
	3.7404125134514743,
	3.4911144133708376,
	3.127236346045998,
	2.760431618479191,
	2.435112759877818,
	2.134925761245835,
	1.9926984020269276,
	1.7696537607612663,
	1.7088504399167803,
	1.5678262768141882,
	1.5678262768141882,
	1.5678262768141882,
	1.5678262768141882,
	1.5678262768141882,
	1.5678262768141882,
	1.6628621431436827,
	1.8641962341479164,
	2.039308952379209,
	2.2001542626650084,
	2.3820258924701037,
	2.546319523079108,
	2.7127616550802065,
	2.890323076573981,
	3.078800724655176,
	3.2901409609532353,
	3.53353366221824,
	3.8201275969694857,
	4.0,
	4.0,
	4.0,
	4.0,
	4.0,
	4.0,
	4.0,
	4.0,
	4.0,
	4.0,
	4.0,
	4.0,
	4.0,
	4.0,
	4.0,
	4.0,
	4.0,
	4.0,
	4.0,
	4.0,
	4.0,
	4.0,
	4.0,
	4.0,
	4.0,
	4.0,
	4.0,
	4.0,
	4.0,
	3.7326615035660735,
	3.471751531915909,
	3.0433718494881536,
	2.7079705339088207,
	2.4214331708299017,
	2.1397701981229735,
	1.8837717689135816,
	1.6629743006494064,
	1.6629743006494064,
	1.6629743006494064,
	1.6629743006494064,
	1.6629743006494064,
	1.6629743006494064,
	2.02270068717735,
	1.877463235125792,
	1.7047651595284596,
	1.7047651595284596,
	1.7047651595284596,
	1.7047651595284596,
	1.7047651595284596,
	1.7047651595284596,
	2.1046203257446296,
	2.3976906491499412,
	2.760352280966402,
	3.243073130929848,
	4.0,
	3.9708821567401986,
	3.545142906869673,
	3.171234873927478,
	2.7726334245828164,
	2.7726334245828164,
	2.7726334245828164,
	2.7726334245828164,
	2.7726334245828164,
	2.7726334245828164,
	3.0248498316392167,
	3.3069510356025935,
	3.632588375132489,
	3.9441241024553095,
	4.0,
	4.0,
	4.0,
	4.0,
	4.0,
	4.0,
	4.0,
	4.0,
	4.0]
steering_angles = [
	-0.17040012962088497,
	-0.11905918919062501,
	-0.07787778243087519,
	-0.03869757183106305,
	-0.03095376471798171,
	-0.029092992174764732,
	-0.008236312111792071,
	0.000321625778717097,
	0.008083614222488532,
	0.03187732088148924,
	0.035016158173960886,
	0.048497412735884204,
	0.09424804724146818,
	0.13115785215178877,
	0.17499957664452806,
	0.22386119172005564,
	0.27964681882551545,
	0.3193202022033843,
	0.37232531476380215,
	0.418336363588898,
	0.4642270660554875,
	0.5185856925740316,
	0.5862299846676362,
	0.6726751494626656,
	0.8062965022702272,
	0.9825673455641641,
	1.1889823714397783,
	1.4588894053057406,
	1.7444062177924666,
	2.2575467882655245,
	2.8842615692525193,
	3.8788296654738494,
	4.951335128109047,
	6.505968168334175,
	8.603292907063773,
	8.042045767058198,
	6.718199551807111,
	5.8152303717824365,
	5.061925203348287,
	4.343780861463656,
	4.134986992264134,
	5.17121291368399,
	4.020140313607202,
	3.186431590037263,
	2.4533834168028825,
	1.790727176822104,
	1.1570624784040828,
	0.5772697503943728,
	-0.06186799151916852,
	-0.20952179575331084,
	-0.3844368736013599,
	-0.5775670821843579,
	-0.8231724619011925,
	-1.0894659625405192,
	-1.4764007393276637,
	-1.6375168411192014,
	-1.3177666763049238,
	-1.1132569389576874,
	-0.9458292326932938,
	-0.8275099938344161,
	-0.67998121212339,
	-0.5713006028066531,
	-0.4773535847438017,
	-0.4027172251973528,
	-0.2878863810597773,
	-0.17555315528655044,
	0.04688810105701538,
	0.9609521193586544,
	1.8825478967480158,
	2.966889333383929,
	4.163062511206855,
	5.699140097243417,
	7.483480442521837,
	9.72428103690861,
	12.59126475964851,
	16.47601877913629,
	10.483245372373124,
	8.29095541638002,
	6.596490562625161,
	5.288948664087228,
	4.1634782096699015,
	3.154153908693844,
	2.3094678556716204,
	1.5247500236273301,
	0.7423960510635613,
	-0.3765296451663094,
	-0.4537352835955925,
	-0.5418802199642281,
	-0.6613657092010286,
	-0.7949186785817587,
	-0.9479214412088538,
	-1.1486967706290023,
	-1.3868353482051314,
	-1.6974911709861389,
	-2.0860851725560723,
	-2.596662925775562,
	-3.4246813813513106,
	-4.433853084666551,
	-5.807421744427418,
	-4.409452093514654,
	-3.945132811361766,
	-3.7147536713297495,
	-3.562823933916794,
	-3.450963814329973,
	-3.4377029721326573,
	-3.5693643790837903,
	-3.711655445816993,
	-4.281773998353569,
	-4.893230082883894,
	-5.769176475788669,
	-6.954471245814737,
	-9.029847785253516,
	-5.546791249456961,
	-4.268205251098709,
	-3.108931313848162,
	-2.1124885341164155,
	-1.0460749760520793,
	-0.18170230303414261,
	0.3773891890248725,
	0.5364019949241035,
	0.6588744244562015,
	0.7381827238439964,
	0.8031600028951339,
	0.8580553575576446,
	0.9013531356814372,
	0.9313133229240205,
	0.9535410659665801,
	0.9975569206811957,
	1.1252600725859925,
	1.2887596630932046,
	1.520551283975866,
	1.7455331992132859,
	2.175564929114233,
	2.792589313508296,
	3.5895091973858007,
	4.672022502488975,
	5.364641316591169,
	6.8082420188931625,
	7.303951556819732,
	8.68676966559888,
	7.715962430088522,
	6.1324689429842305,
	5.121551540119758,
	4.398549667770246,
	3.751513354943364,
	3.2824709396646994,
	2.8916798146264107,
	2.5470611194096326,
	2.2445900160859176,
	1.9653742260327778,
	1.7038628817944679,
	1.4577404725738228,
	1.2314005686075575,
	1.0377942644520282,
	0.8471587774731519,
	0.6757519045326025,
	0.5327926847019008,
	0.4130109423089135,
	0.3126143836477308,
	0.22952522929768363,
	0.1653510645537179,
	0.10661176032356517,
	0.051125067571540984,
	0.030483418784095592,
	0.03013871536453973,
	-0.001409903140149254,
	-7.016533251293012e-05,
	0.02417179118275059,
	0.05968355649909621,
	0.11773897396883733,
	0.17591730209974712,
	0.23294111393023764,
	0.29334056817540305,
	0.35843885229489864,
	0.4287841720297349,
	0.5036965432201989,
	0.5813949018493496,
	0.6606096304108859,
	0.7384527497922365,
	0.8089464317307201,
	0.8639239763338741,
	0.899830955970947,
	0.9082546351753346,
	0.9951725608853247,
	1.0958657192659074,
	1.2723322522568374,
	1.526874296511217,
	1.765064245834567,
	2.2971820596553614,
	2.9019299207768583,
	3.6302349453629112,
	4.650844904721112,
	6.005206668108463,
	7.714915339385352,
	4.95750847458802,
	4.606665957091667,
	4.346721928401369,
	4.261047793252827,
	4.539086097115863,
	5.206233579776051,
	6.045781297403602,
	7.339192203934806,
	4.8078550452948035,
	3.702585617214135,
	2.7927499711912454,
	2.02286005143991,
	1.2727939404134656,
	0.6236844174802162,
	-0.4326354975688277,
	-0.5972006324549388,
	-0.824817894164743,
	-1.0734698234743913,
	-1.3491344454797405,
	-1.6927186540835908,
	-2.115587373764614,
	-2.768044958480824,
	-2.3254162031802097,
	-1.9454363124669454,
	-1.6121818469949063,
	-1.3675058264579605,
	-1.1457007018743415,
	-0.9924124564809285,
	-0.8534951436789423,
	-0.7239448275641605,
	-0.6006662277240495,
	-0.4881080057725322,
	-0.39746341125421547,
	-0.3093869055700674,
	-0.2337299202926581]
